 35.7394 171.168 166.126 199.897 336.988 243.397 59.113 61.1025 220.98 260.077 270.786 142.544 94.6526 121.037 138.458 278.743 262.213 273.019 245.632 236.188 219.667 199.234 26.7857 21.0442 21.7846 23.2764 23.4153 21.7583 25.9524 90.5521 134.78 88.7642 122.909 85.6776 137.301 93.2597 120.671 83.2448 142.719 95.6814 145.295 86.6575 138.466 0 0 0 0 0 0 0 0 0 0 0 0 0 0 0 0 0 0 0 0 0 34.15 148.224 111.715 59.0561 58.513 268.88 86.0892 138.924 317.272 315.504 302.615 168.268 27.0366 24.9811 22.7212 173.034 169.321 189.826 144.314 128.606 61.5958 61.8778 0 0 0 0 0 0 0 0 0 0
 37.5569 178.794 158.94 193.679 342.68 256.758 61.0439 58.2573 214.698 264.561 255.686 133.69 88.7037 117.49 127.292 272.411 265.687 273.596 229.23 236.264 198.107 190.153 23.9802 23.4225 22.9767 24.4313 22.5241 23.3776 25.0595 98.316 138.662 92.0652 123.282 88.4416 132.947 89.9739 127.06 83.6509 141.841 93.329 143.125 81.8551 131.264 0 0 0 0 0 0 0 0 0 0 0 0 0 0 0 0 0 0 0 0 0 34.0758 150.861 114.067 61.1185 53.0489 290.565 80.6078 137.352 308.107 318.682 284.814 162.955 24.0915 26.1343 22.1456 176.387 176.306 192.003 144.559 134.375 60.3888 60.0899 0 0 0 0 0 0 0 0 0 0
 37.2195 183.425 170.794 214.294 354.158 257.38 62.7663 65.214 227.521 279.732 287.212 144.556 98.9027 124.902 142.592 299.447 283.553 288.233 252.587 241.348 225.097 202.006 26.1416 23.1296 22.0968 21.9197 22.6069 23.7551 26.0654 95.5342 142.244 92.1398 132.082 89.1213 143.875 86.4265 131.295 81.6853 148.837 94.9552 156.175 79.5782 147.76 0 0 0 0 0 0 0 0 0 0 0 0 0 0 0 0 0 0 0 0 0 38.567 160.52 119.663 62.098 60.1103 290.1 88.1116 145.697 325.214 337.389 317.325 179.198 24.9731 26.9149 21.6766 181.003 183.165 195.784 144.132 133.262 60.6665 55.4235 0 0 0 0 0 0 0 0 0 0
 38.8958 183.141 179.585 211.765 358.938 267.52 66.7868 63.8628 242.265 274.097 291.175 154.704 96.4923 123.35 147.616 301.812 281.078 292.769 262.184 247.813 237.011 212.965 28.4728 22.07 24.4947 23.2974 25.267 23.5894 27.8555 95.8939 146.721 89.521 132.592 94.674 147.91 87.5739 132.843 84.1926 152.146 90.7946 155.035 88.2418 149.819 0 0 0 0 0 0 0 0 0 0 0 0 0 0 0 0 0 0 0 0 0 38.6584 162.399 120.655 62.1084 60.4426 291.417 93.503 149.475 343.696 332.411 325.82 184.409 26.1699 27.2631 23.0247 195.201 189.313 200.859 159.543 138.86 65.6316 59.1674 0 0 0 0 0 0 0 0 0 0
 34.9956 183.275 168.375 200.787 332.842 243.769 62.2089 63.953 220.083 261.387 275.052 145.073 92.4643 123.342 142.241 294.423 261.604 283.653 246.561 230.644 213.887 206.288 25.9569 22.6102 21.4102 24.1446 22.2557 21.8695 24.8407 94.9249 133.73 92.1437 119.626 86.1595 131.675 89.2237 120.915 81.0078 144.295 90.3012 140.255 78.7795 132.957 0 0 0 0 0 0 0 0 0 0 0 0 0 0 0 0 0 0 0 0 0 34.4595 157.758 115.108 60.8751 58.4236 273.277 87.9137 146.047 320.537 316.588 307.471 175.747 24.0639 25.608 22.8013 180.656 172.38 193.392 140.798 130.289 55.7597 58.1122 0 0 0 0 0 0 0 0 0 0
 35.782 176.91 167.741 204.939 339.912 251.75 61.7296 61.5375 224.915 271.797 272.6 142.443 96.3741 122.969 134.853 288.14 268.567 275.155 252.933 236.909 219.729 195.559 24.6937 21.553 22.5947 22.6118 22.4954 22.6808 24.2514 91.1616 137.483 88.0832 129.798 88.6948 138.615 85.6156 125.382 80.8436 142.42 89.248 144.052 91.0914 138.408 0 0 0 0 0 0 0 0 0 0 0 0 0 0 0 0 0 0 0 0 0 35.037 152.364 114.153 64.5206 59.4346 284.382 87.7303 148.168 328.32 328.514 306.333 174.395 22.3105 23.7965 21.3333 176.377 173.134 189.372 146.967 127.387 58.3039 58.1194 0 0 0 0 0 0 0 0 0 0
 34.8436 176.071 174.515 209.144 332.473 251.278 61.8818 61.9616 228.156 265.097 275.352 145.498 94.6579 128.558 144.438 290.75 262.672 280.197 244.752 242.585 221.219 200.346 25.6146 23.2012 20.198 23.6062 22.5571 22.1336 24.9265 95.4181 133.711 90.6303 127.945 92.1621 137.529 83.1217 119.77 84.3383 145.879 82.8671 151.717 90.35 139.831 0 0 0 0 0 0 0 0 0 0 0 0 0 0 0 0 0 0 0 0 0 34.7102 150.492 116.947 63.7043 57.2573 282.791 87.8456 144.862 330.587 326.73 309.872 179.967 23.4176 25.2625 21.4699 183.045 170.139 193.638 145.727 130.808 59.101 55.8478 0 0 0 0 0 0 0 0 0 0
 35.7723 177.683 155.415 193.132 330.539 255.113 60.2542 62.9052 215.329 257.427 254.881 137.328 91.3363 119.517 130.608 296.332 263.643 273.712 241.126 225.81 201.559 194.03 22.7202 21.12 21.0416 24.3744 19.0724 22.4526 24.7269 99.1186 129.912 85.4877 120.213 87.4389 140.433 86.3873 121.987 78.987 140.802 81.5656 140.817 80.9012 126.962 0 0 0 0 0 0 0 0 0 0 0 0 0 0 0 0 0 0 0 0 0 34.9143 151.938 110.695 61.7552 57.2622 280.891 84.8214 139.364 310.792 317.219 289.105 170.563 22.4607 23.9479 19.8483 181.121 169.215 192.664 136.377 131.187 51.2606 58.6121 0 0 0 0 0 0 0 0 0 0
 36.1662 188.154 167.505 212.971 347.152 279.323 61.8944 65.8255 232.294 262.171 266.625 146.068 90.2744 124.811 130.498 287.642 268.908 278.209 243.885 242.796 212.464 200.92 25.283 26.1511 23.2272 25.9086 23.0372 25.6352 25.1734 108.53 140.585 101.881 124.657 105.023 134.97 98.1083 130.682 92.0064 145.466 99.75 146.256 93.9148 135.782 0 0 0 0 0 0 0 0 0 0 0 0 0 0 0 0 0 0 0 0 0 36.3366 161.099 114.427 67.3259 58.8418 310.973 86.246 148.282 327.918 313.991 297.311 170.594 24.2152 26.9798 22.5531 187.911 180.711 201.39 149.211 146.951 57.1107 66.7052 0 0 0 0 0 0 0 0 0 0
 39.6463 173.25 170.531 205.012 353.782 240.172 62.2947 61.6814 221.137 274.011 269.435 140.905 98.1567 122.587 140.864 305.126 279.406 281.596 246.732 240.995 221.307 207.684 24.2383 21.6949 21.6245 21.2426 23.1368 22.0055 25.5027 87.9773 140.28 85.5274 124.585 80.9304 135.675 79.2348 128.165 77.2147 147.347 87.9898 150.589 79.3187 142.963 0 0 0 0 0 0 0 0 0 0 0 0 0 0 0 0 0 0 0 0 0 33.5357 153.289 115.391 62.7501 59.4149 274.468 90.6146 146.223 314.555 333.672 306.594 177.655 24.0856 24.0348 22.0177 181.438 179.181 191.335 135.378 122.988 56.4443 51.7741 0 0 0 0 0 0 0 0 0 0
 31.9846 173.084 163.093 196.003 321.461 246.666 59.6908 59.3646 213.512 255.773 249.646 140.275 88.2664 126.659 134.297 268.916 254.821 265.837 238.4 226.927 209.145 194.822 23.4999 21.7547 19.4511 23.0904 21.1999 23.1891 22.2751 98.027 128.379 87.8661 118.872 89.3101 127.399 87.6542 120.331 78.956 135.241 85.6022 134.625 82.0855 125.263 0 0 0 0 0 0 0 0 0 0 0 0 0 0 0 0 0 0 0 0 0 31.3248 145.886 109.257 61.5541 57.15 276.701 80.633 135.996 312.402 313.13 282.713 169.255 23.0305 23.1437 21.2614 170.135 165.255 184.686 140.152 123.704 54.6256 57.4342 0 0 0 0 0 0 0 0 0 0
 37.975 175.829 176.894 198.644 357.621 249.895 63.7385 63.7688 228.889 268.712 268.486 149.72 101.078 127.108 145.921 290.733 282.207 285.716 261.267 241.997 226.575 213.947 27.5825 21.8591 24.069 23.1809 23.0383 22.771 25.2735 98.5556 133.369 88.5929 129.63 87.706 138.756 82.3897 129.697 85.5324 144.869 95.3021 143.757 88.3078 132.814 0 0 0 0 0 0 0 0 0 0 0 0 0 0 0 0 0 0 0 0 0 37.809 157.874 120.441 64.9033 58.5223 275.237 89.7612 144.263 327.863 320.604 302.359 179.197 24.4808 25.7531 23.411 180.064 180.699 194.241 149.986 136.924 58.6335 57.2649 0 0 0 0 0 0 0 0 0 0
 34.8428 178.441 163.706 203.758 356.207 247.765 64.9983 66.1465 217.819 273.729 276.997 143.049 95.672 119.108 149.445 304.13 282.024 297.582 261.089 249 225.13 209.783 25.1857 20.9766 22.5631 22.2807 22.1019 21.8547 25.9689 89.5973 146.893 82.4278 133.355 81.2648 137.926 78.832 130.127 76.6451 148.878 83.8225 157.115 77.4813 143.835 0 0 0 0 0 0 0 0 0 0 0 0 0 0 0 0 0 0 0 0 0 34.9156 153.367 119.596 60.7072 60.2128 283.748 94.5082 149.409 317.77 339.807 317.231 183.048 24.4493 23.4839 22.8336 183.56 179.817 195.778 138.234 127.057 59.4349 50.0815 0 0 0 0 0 0 0 0 0 0
 34.6448 183.632 171.528 207.265 359.331 279.074 62.3015 67.2132 229.934 270.558 274.771 149.427 98.8716 128.908 138.094 287.013 279.889 290.86 258.539 238.721 215.865 211.321 26.0175 24.2763 20.8874 25.5821 23.7254 25.6305 24.8722 100.901 137.013 99.7577 123.221 94.7271 138.844 91.7292 128.486 85.9798 146.281 97.3743 149.567 91.3479 136.744 0 0 0 0 0 0 0 0 0 0 0 0 0 0 0 0 0 0 0 0 0 35.5488 161.808 114.853 68.6689 58.98 315.541 88.7014 153.102 330.636 328.924 305.296 181.873 24.773 27.3185 21.6467 180.74 179.919 197.535 151.266 139.839 61.5193 64.396 0 0 0 0 0 0 0 0 0 0
 33.4754 179.53 163.92 203.169 329.649 261.711 60.9989 67.2017 218.993 260.584 262.892 143.342 92.8625 121.662 134.594 283.575 261.549 275.635 240.783 243.796 209.112 197.383 23.9978 23.2951 20.2021 23.2292 20.6268 24.3406 24.9255 102.421 132.889 97.0404 119.084 97.0646 134.422 90.0114 126.056 84.641 142.54 90.2681 148.214 82.493 134.028 0 0 0 0 0 0 0 0 0 0 0 0 0 0 0 0 0 0 0 0 0 35.2881 160.531 109.457 63.2141 56.7931 297.738 85.565 148.444 316.112 319.436 295.267 180.164 22.4517 25.8725 18.7222 183.666 168.619 194.738 137.838 137.277 55.4097 58.9691 0 0 0 0 0 0 0 0 0 0
 31.5268 186.3 171.566 208.71 334.281 283.512 60.2986 67.5757 229.339 267.061 261.954 145.4 95.499 127.933 138.431 281.283 261.216 274.867 254.238 244.245 207.477 208.227 23.3225 24.5937 20.665 23.8409 21.5339 25.4977 24.8293 107.859 136.985 102.013 122.24 95.8774 129.623 94.4516 119.06 95.2098 140.399 95.4485 141.861 98.1364 131.003 0 0 0 0 0 0 0 0 0 0 0 0 0 0 0 0 0 0 0 0 0 32.0588 159.404 112.464 67.7568 65.6585 319.7 84.3795 149.687 332.607 322.225 291.586 175.901 23.2882 27.4716 23.3194 179.16 165.76 194.7 153.18 146.686 54.244 59.5651 0 0 0 0 0 0 0 0 0 0
 35.6203 178.003 169.302 207.821 339.96 275.076 60.7678 63.4296 222.747 258.421 268.12 143.635 96.3622 119.536 133.022 280.75 263.008 270.703 248.634 235.87 211.467 198.611 24.7214 23.893 22.3367 24.97 22.0433 23.5435 24.0686 97.0295 128.985 94.7497 118.46 97.6214 130.256 93.148 123.045 90.1582 134.826 99.955 139.009 90.1366 139.941 0 0 0 0 0 0 0 0 0 0 0 0 0 0 0 0 0 0 0 0 0 34.3594 155.052 111.239 66.8984 61.2698 307.092 84.4736 147.737 321.532 316.078 294.855 171.35 25.1116 27.0196 21.0953 183.679 173.64 186.667 152.043 148.844 62.0441 60.6872 0 0 0 0 0 0 0 0 0 0
 34.0738 181.509 164.152 199.296 339.83 247.044 61.1552 63.8421 220.319 257.024 266.816 138.866 90.0533 120.324 135.253 285.142 263.997 278.197 233.499 234.535 211.863 197.943 24.0317 22.9691 21.4287 23.4379 21.8931 21.753 24.2149 100.691 141.621 91.733 130.347 91.9497 133.851 87.5925 119.811 86.5737 142.483 87.5179 140.32 90.209 135.173 0 0 0 0 0 0 0 0 0 0 0 0 0 0 0 0 0 0 0 0 0 37.0263 158.258 114.602 61.3514 56.7981 275.83 87.055 142.354 313.52 311.808 295.142 167.83 23.3427 25.7077 21.6456 182.528 169.261 193.588 141.659 137.1 53.6821 56.4153 0 0 0 0 0 0 0 0 0 0
 35.8884 170.125 160.073 195.113 335.813 238.697 60.8582 58.8245 218.404 263.119 269.152 142.348 93.7265 121.152 141.416 292.056 266.375 280.276 245.376 235.523 212.247 203.279 25.1053 21.9451 22.2135 22.142 23.1179 21.2634 25.2107 92.2389 134.017 85.1045 124.475 78.6483 136.204 77.2313 125.314 77.0383 139.995 85.4554 138.764 79.614 138.156 0 0 0 0 0 0 0 0 0 0 0 0 0 0 0 0 0 0 0 0 0 34.8435 149.492 114.638 58.6954 53.2225 270.524 84.5959 142.544 314.879 322.069 302.031 170.951 23.724 24.476 21.6701 181.097 175.941 184.576 137.693 134.34 59.9667 52.6579 0 0 0 0 0 0 0 0 0 0
 29.687 170.051 159.597 202.786 314.009 254.206 55.8563 60.7583 210.254 247.164 250.155 136.528 94.4096 123.199 135.173 274.437 246.815 267.273 224.186 222.033 202.141 191.486 21.7462 22.309 19.4882 22.8746 19.6897 24.6004 20.3458 95.014 125.455 94.7141 118.247 89.9364 124.799 84.1272 111.394 85.546 133.034 88.5445 132.163 84.4065 128.121 0 0 0 0 0 0 0 0 0 0 0 0 0 0 0 0 0 0 0 0 0 31.6578 147.265 102.681 63.949 55.6587 282.591 81.7796 138.462 310.579 301.282 281.726 165.426 20.358 24.9101 19.8307 171.282 152.516 182.617 136.439 133.903 50.5015 57.3342 0 0 0 0 0 0 0 0 0 0
 35.0775 185.433 173.324 217.761 334.957 276.491 59.8084 62.9793 227.74 260.574 269.455 141.043 92.6566 132.262 132.84 285.717 258.381 280.506 239.784 236.189 207.752 195.312 23.7613 24.487 21.6939 26.2169 21.0634 24.8434 24.4092 109.878 126.957 102.12 118.763 100.578 129.35 100.815 117.904 97.7019 136.165 101.624 138.587 94.5567 135.559 0 0 0 0 0 0 0 0 0 0 0 0 0 0 0 0 0 0 0 0 0 31.8561 156.394 109.934 66.2496 59.7333 303.36 84.2065 150.081 330.936 318.307 300.366 170.238 23.7255 27.7135 19.647 181.917 163.83 191.243 151.997 152.923 54.6991 63.8482 0 0 0 0 0 0 0 0 0 0
 32.5591 171.366 171.14 203.965 328.189 272.331 59.8065 62.6827 222.216 258.822 264.804 145.018 97.3533 126.958 134.095 284.198 259.38 270.032 248.087 235.926 209.162 198.437 23.2004 22.9452 20.387 22.7504 19.7099 23.5761 22.8754 105.226 129.728 93.6565 117.367 93.3134 131.124 88.7999 118.588 86.635 141.488 91.1076 145.159 90.5505 132.991 0 0 0 0 0 0 0 0 0 0 0 0 0 0 0 0 0 0 0 0 0 32.4474 151.514 113.026 65.6473 58.5807 311.511 84.8858 149.69 326.641 321.951 299.061 178.819 22.9354 26.0566 20.3738 177.821 163.685 191.489 148.932 138.58 57.2885 58.1702 0 0 0 0 0 0 0 0 0 0
 38.2549 186.04 176.764 213.842 354.15 252.753 66.6047 66.9294 231.621 282.908 292.55 148.467 102.676 131.174 153.468 306.597 280.651 297.092 273.495 245.6 234.595 217.893 27.4372 21.9512 25.2129 22.632 26.5281 22.0048 27.5453 97.5926 147.303 92.2075 126.929 85.1285 147.323 91.7048 131.063 85.4982 144.101 90.816 149.612 85.738 151.963 0 0 0 0 0 0 0 0 0 0 0 0 0 0 0 0 0 0 0 0 0 37.2207 157.172 124.025 64.9249 62.2431 289.386 96.7727 152.851 336.955 346.856 328.596 182.545 25.4396 25.2112 24.4182 189.81 185.34 192.468 150.488 130.51 63.9896 57.052 0 0 0 0 0 0 0 0 0 0
 32.9365 181.703 164.808 198.449 327.769 261.845 60.2925 60.9063 214.568 250.453 260.966 139.531 87.6869 118.043 127.553 284.145 252.82 270.247 236.148 223.832 204.131 197.308 24.123 20.8973 22.705 23.9456 20.8844 23.0322 24.9714 97.0787 132.489 88.0644 116.607 89.1031 127.643 89.797 123.005 82.9928 131.809 93.29 139.294 89.2227 133.362 0 0 0 0 0 0 0 0 0 0 0 0 0 0 0 0 0 0 0 0 0 34.2273 154.47 109.243 61.0025 55.747 289.864 82.083 148.843 314.311 305.174 290.663 166.536 21.8128 26.8238 19.0038 174.656 170.423 185.677 146.016 141.45 56.2759 57.4077 0 0 0 0 0 0 0 0 0 0
 32.6684 176.352 160.384 196.502 336.494 236.038 59.5561 60.1482 210.789 254.431 260.271 140.22 91.8627 119.175 137.6 285.161 263.149 276.123 235.991 236.955 209.056 198.066 24.5529 22.0358 20.4919 21.8973 20.396 21.3868 24.059 94.2664 136.221 84.5241 126.046 85.7938 125.112 84.2883 119.608 73.4953 142.816 85.2507 140.313 81.41 128.88 0 0 0 0 0 0 0 0 0 0 0 0 0 0 0 0 0 0 0 0 0 33.1953 151.457 109.059 60.955 58.363 270.14 86.6265 142.207 306.725 313.011 293.949 177.666 22.1511 23.1164 19.347 176.405 164.073 187.588 134.291 123.932 54.8841 55.691 0 0 0 0 0 0 0 0 0 0
 36.0853 172.671 164.929 199.153 342.803 245.251 65.1552 60.4066 219.88 258.528 275.647 143.952 93.6438 117.758 136.47 283.976 265.233 279.256 242.126 235.612 220.772 202.528 25.493 22.0628 22.4039 22.6161 22.5732 21.8058 26.3739 95.0863 137.802 86.9302 122.472 86.1497 133.387 83.4419 123.816 76.31 142.859 92.5024 143.233 77.8484 141.062 0 0 0 0 0 0 0 0 0 0 0 0 0 0 0 0 0 0 0 0 0 36.1121 150.916 114.597 61.4968 56.9158 273.915 87.6766 144.189 314.585 313.251 307.185 176.569 25.5325 25.115 21.9858 180.955 174.674 189.351 142.796 131.446 57.9689 55.7584 0 0 0 0 0 0 0 0 0 0
 38.3465 188.09 181.762 216.867 383.611 241.952 68.5686 66.1656 241.28 286.962 300.885 150.252 102.67 124.588 153.081 312.191 301.824 301.648 268.518 246.877 243.762 214.241 28.427 20.5846 23.0115 22.5716 24.9758 21.3938 27.2542 90.9178 148.133 85.8705 133.423 91.9406 150.235 82.2293 141.322 83.5131 159.613 80.0281 163.061 82.2317 155.646 0 0 0 0 0 0 0 0 0 0 0 0 0 0 0 0 0 0 0 0 0 39.7722 162.083 122.262 65.6994 63.7445 276.563 94.325 152.895 343.008 351.48 338.737 190.233 26.3654 24.1986 23.8513 184.747 194.676 203.784 146.589 121.427 65.549 57.5959 0 0 0 0 0 0 0 0 0 0
 36.2192 196.754 176.53 222.789 373.785 281.878 65.4698 70.5166 237.169 281.161 284.172 156.033 101.95 132.044 145.401 312.597 287.538 292.826 270.447 255.231 238.213 213.335 26.6983 25.5803 23.5175 25.3788 23.8763 26.1131 26.3351 107.524 144.903 98.9941 127.755 99.5433 145.412 98.4217 130.77 96.0794 150.47 101.42 154.773 97.4041 147.101 0 0 0 0 0 0 0 0 0 0 0 0 0 0 0 0 0 0 0 0 0 39.3373 168.044 122.24 69.971 61.0667 314.063 95.5368 155.716 342.028 338.903 322.15 188.738 26.4674 29.194 23.1163 196.498 180.561 208.262 156.291 150.68 60.5034 65.9445 0 0 0 0 0 0 0 0 0 0
 34.286 190.447 176.45 212.754 360.15 291.251 64.3491 68.1561 242.376 272.021 272.229 157.606 98.7269 142.089 143.161 293.272 278.558 294.049 256.143 254.989 224.706 216.177 24.7351 25.1902 21.2627 26.463 23.2352 24.9655 25.5927 116.375 139.421 95.181 130.122 107.52 137.878 97.313 128.981 89.9646 151.819 101.496 153.99 98.9203 131.166 0 0 0 0 0 0 0 0 0 0 0 0 0 0 0 0 0 0 0 0 0 35.2654 163.916 119.053 71.0917 62.5632 320.667 90.786 159.7 347.602 326.965 300.611 187.266 24.9963 29.4436 23.7917 184.842 176.163 207.773 151.592 157.166 57.1945 66.507 0 0 0 0 0 0 0 0 0 0
 39.0112 183.968 173.206 209.015 347.822 257.889 64.9482 64.1966 231.761 278.115 279.457 147.815 96.4357 124.37 146.102 296.606 276.59 284.052 252.328 241.569 226.786 207.63 27.1938 23.023 25.0467 24.3905 25.0779 22.9828 27.9406 99.6171 141.73 91.3464 133.041 93.4971 144.021 92.7883 129.535 86.3145 151.137 86.8861 150.643 88.7376 143.222 0 0 0 0 0 0 0 0 0 0 0 0 0 0 0 0 0 0 0 0 0 37.5807 161.288 122.192 62.4752 57.3737 287.072 85.0841 146.279 328.066 333.038 313.72 180.653 26.0427 24.4337 23.3274 190.565 182.131 200.035 149.483 136.675 62.2143 60.8122 0 0 0 0 0 0 0 0 0 0
 36.5071 181.51 169.438 205.755 336.275 257.729 62.4276 62.52 220.548 270.388 278.887 145.588 96.0547 126.611 142.74 295.589 270.044 296.615 262.077 241.819 225.249 205.332 25.6377 22.5569 23.3987 22.0787 23.4392 23.7907 25.674 94.3811 136.32 87.0973 128.242 83.504 141.975 88.4692 124.707 79.8446 149.169 90.7039 149.107 80.9154 137.573 0 0 0 0 0 0 0 0 0 0 0 0 0 0 0 0 0 0 0 0 0 36.451 151.911 114.174 63.8405 59.7547 282.535 86.0458 144.022 317.648 331.636 313.763 180.189 25.0207 25.1855 22.8973 180.001 176.649 196.074 150.109 136.4 58.595 56.5012 0 0 0 0 0 0 0 0 0 0
 32.4329 173.654 160.485 203.742 331.635 252.05 60.9583 60.3961 215.895 249.405 263.467 139.522 91.3837 124.773 132.958 279.563 257.522 275.475 240.538 237.818 208.748 194.36 23.3034 22.5192 20.6764 23.2953 21.3002 22.423 23.3592 97.904 135.683 90.7188 119.224 88.8111 134.757 88.4979 118.388 80.5481 133.92 89.2966 140.108 86.8188 137.23 0 0 0 0 0 0 0 0 0 0 0 0 0 0 0 0 0 0 0 0 0 31.8946 147.943 108.996 65.0566 55.5532 282.885 87.3308 147.216 314.971 306.254 295.905 168.67 21.9559 24.1766 19.3075 177.219 162.56 181.885 139.859 139.005 54.6148 55.284 0 0 0 0 0 0 0 0 0 0
 34.0372 169.296 269.323 106.261 215.546 59.9952 62.0849 59.8069 211.705 230.631 142.471 97.554 105.2 136.745 136.806 209.871 243.206 244.053 239.362 187.218 218.86 195.451 24.082 27.1399 20.8224 24.1168 21.7757 25.284 24.6591 112.696 86.3624 134.078 76.513 130.17 86.6627 131.482 80.001 120.646 90.987 144.809 92.2662 126.3 85.3887 0 0 0 0 0 0 0 0 0 0 0 0 0 0 0 0 0 0 0 0 0 33.5806 293.153 344.738 60.0319 244.718 99.3252 84.0822 134.224 304.47 292.225 178.874 23.8608 24.376 23.0739 163.079 135.037 129.448 144.445 135.288 58.4685 58.4313 0 0 0 0 0 0 0 0 0 0 0
 36.8644 166.183 265.7 107.186 236.766 57.4291 62.0619 62.0726 215.206 215.385 131.664 86.943 99.2022 133.898 133.398 198.33 228.573 236.22 235.125 192.169 213.992 191.955 24.2724 26.3246 21.915 23.0294 22.934 24.7554 25.3267 104.848 91.9074 124.141 80.9419 129.116 90.581 132.513 84.5935 128.372 93.7639 142.945 97.4072 126.588 90.0451 0 0 0 0 0 0 0 0 0 0 0 0 0 0 0 0 0 0 0 0 0 35.6779 290.525 337.442 62.1634 267.873 94.435 86.8702 137.172 300.658 273.311 165.832 24.5717 24.7245 24.7334 166.645 137.097 133.599 138.959 133.564 54.6634 60.2195 0 0 0 0 0 0 0 0 0 0 0
 35.1411 175.079 271.269 113.749 231.586 64.2408 65.3769 62.6571 217.717 228.593 142.194 96.9085 106.509 140.184 141.606 212.788 236.862 249.014 253.067 203.8 224.407 204.021 23.7538 27.2498 21.3703 24.3603 21.7326 25.2045 24.8354 113.613 89.5769 131.537 79.1731 133.724 84.895 141.989 80.1614 134.119 88.7753 149.645 89.9177 131.508 86.5582 0 0 0 0 0 0 0 0 0 0 0 0 0 0 0 0 0 0 0 0 0 33.6846 304.766 337.441 65.002 262.374 97.3667 89.8529 142.808 311.952 293.088 176.098 25.8063 24.2113 25.8487 174.455 134.195 129.201 143.699 131.523 56.5257 52.3206 0 0 0 0 0 0 0 0 0 0 0
 35.5073 178.622 276.192 118.314 234 65.3446 65.9505 62.0176 224.445 230.66 148.078 101.005 106.838 150.077 144.124 220.284 246.965 259.822 253.705 195.389 239.333 217.22 24.683 28.8471 23.0295 24.2186 22.5188 26.7429 25.8136 119.953 86.7446 140.427 76.2295 144.695 90.1162 142.536 82.7584 126.327 93.7512 158.722 100.425 143.125 90.5151 0 0 0 0 0 0 0 0 0 0 0 0 0 0 0 0 0 0 0 0 0 33.2261 323.127 339.272 69.0529 266.275 105.436 90.3172 143.672 320.895 295.569 185.93 26.7055 23.6613 26.0174 175.672 143.394 136.262 142.454 138.84 62.5009 59.5298 0 0 0 0 0 0 0 0 0 0 0
 35.5603 169.877 267.106 108.853 234.901 63.2877 64.167 62.2039 222.668 225.336 136.711 100.547 104.703 138.762 135.105 207.428 257.1 245.453 243.032 183.712 234.921 198.849 25.332 26.8837 22.6286 22.7185 23.6258 23.9888 24.7104 109.154 87.3658 142.614 77.7844 133.156 91.4755 135.938 87.9456 119.958 88.763 154.155 92.8727 126.093 84.3424 0 0 0 0 0 0 0 0 0 0 0 0 0 0 0 0 0 0 0 0 0 34.5309 301.499 338.357 64.5149 267.15 99.2359 84.8655 141.132 317.059 289.027 171.861 24.0515 23.9701 21.9617 161.637 138.156 137.467 139.156 130.592 52.7723 57.8034 0 0 0 0 0 0 0 0 0 0 0
 33.8631 171.917 268.686 110.199 226.657 60.2642 61.9697 64.0986 220.418 219.449 138.531 96.4419 104.104 140.926 145.557 210.25 235.144 242.978 246.95 200.079 220.659 195.623 24.5958 27.1057 21.5739 22.3312 21.0171 25.2666 24.3572 112.052 87.3386 129.658 75.6747 132.53 88.6299 134.345 75.9971 132.472 89.6473 145.347 94.2949 124.919 81.6735 0 0 0 0 0 0 0 0 0 0 0 0 0 0 0 0 0 0 0 0 0 34.0072 299.256 328.938 64.0131 255.595 100.938 90.0526 141.341 318.353 283.256 177.027 24.8576 23.6135 24.2281 171.194 138.167 123.048 133.915 143.474 56.5198 53.1477 0 0 0 0 0 0 0 0 0 0 0
 36.1361 168.695 264.836 105.264 225.746 61.3157 62.1673 61.309 211.212 219.183 142.193 96.987 106.827 142.828 141.152 201.982 249.245 247.781 248.425 193.805 227.038 202.623 25.6483 26.2801 21.8225 22.7622 21.9408 24.4572 25.8892 107.305 89.5574 139.125 78.9898 134.481 80.1857 131.301 77.7437 124.206 93.1392 146.184 95.2813 128.302 84.3426 0 0 0 0 0 0 0 0 0 0 0 0 0 0 0 0 0 0 0 0 0 34.5436 303.633 330.687 62.0144 255.683 103.697 87.1146 137.751 314.285 282.832 178.438 24.028 22.3905 24.2412 169.752 130.069 126.103 130.518 144.754 54.7582 56.4029 0 0 0 0 0 0 0 0 0 0 0
 36.9222 163.012 263.214 101.68 230.695 59.1023 62.6201 59.5591 205.561 203.439 129.319 92.5168 98.9084 136.294 133.186 195.103 220.741 240.053 235.669 185.237 223.803 193.768 23.9502 23.556 22.9524 21.7676 21.9399 20.8098 24.1368 103.563 82.4614 120.482 77.257 132.425 81.2538 131.198 77.9356 121.681 84.5178 144.171 92.0891 126.154 85.77 0 0 0 0 0 0 0 0 0 0 0 0 0 0 0 0 0 0 0 0 0 33.4339 295.085 323.802 61.02 263.262 95.1444 85.7449 137.647 303.689 268.542 166.372 21.0823 24.0299 22.8318 162.516 124.893 127.975 124.228 132.855 46.9691 63.5757 0 0 0 0 0 0 0 0 0 0 0
 39.3769 172.326 287.494 107.853 252.031 59.373 65.4741 60.9491 223.293 229.462 139.067 89.28 98.2038 136.855 138.466 202.25 231.756 243.197 241.39 185.072 218.873 184.402 26.7782 25.608 24.2094 23.312 23.8879 25.4886 27.0949 105.531 96.1244 127.196 90.7145 132.078 90.0908 131.674 84.5318 122.39 107.137 144.95 101.479 124.303 95.752 0 0 0 0 0 0 0 0 0 0 0 0 0 0 0 0 0 0 0 0 0 41.5328 311.02 368.236 63.0399 277.141 98.5089 93.3302 143.57 320.757 288.85 167.945 24.0184 26.9258 22.8688 173.355 140.217 139.7 147.036 150.515 53.6006 61.892 0 0 0 0 0 0 0 0 0 0 0
 32.2722 167.43 263.807 117.594 222.447 64.4423 63.0197 61.9701 216.659 221.001 141.581 98.9774 103.281 144.581 135.628 208.18 237.976 252.264 249.133 202.433 233.107 204.542 24.1088 26.9671 19.6814 24.3422 21.081 23.2905 23.2257 110.11 83.4287 133.579 72.1793 138.333 83.5647 140.827 79.5723 133.591 86.0988 153.292 85.3706 132.426 80.6385 0 0 0 0 0 0 0 0 0 0 0 0 0 0 0 0 0 0 0 0 0 31.0208 306.016 316.618 62.002 257.555 102.431 91.7276 142.047 311.964 285.504 180.198 24.2062 23.0975 26.0542 163.771 135.534 124.166 135.969 126.843 56.9312 53.2119 0 0 0 0 0 0 0 0 0 0 0
 35.4332 165.153 262.613 104.427 233.01 55.9952 60.7477 58.6409 203.118 217.197 134.556 93.044 101.208 131.371 134.667 191.662 227.993 234.063 234.548 187.104 210.822 184.983 23.2023 24.7253 21.7297 20.5499 20.8708 22.2316 23.0915 101.782 86.4874 126.492 80.8826 125.179 79.0501 128.933 72.4488 121.304 88.3912 133.749 90.8032 117.199 80.7457 0 0 0 0 0 0 0 0 0 0 0 0 0 0 0 0 0 0 0 0 0 34.4535 286.255 329.952 61.6417 261.064 93.0058 85.8671 132.311 296.634 274.627 167.84 22.6588 23.0141 20.7735 158.012 125.971 119.456 131.86 132.581 53.6243 58.1971 0 0 0 0 0 0 0 0 0 0 0
 33.5147 175.953 261.914 114.419 227.907 64.2535 64.0985 61.2117 222.108 231.844 142.718 98.5479 104.236 137.203 141.816 213.097 251.437 250.348 241.188 195.291 226.073 199.265 24.2142 28.5192 21.3569 23.3562 22.5363 25.3522 24.8503 113.87 84.6745 141.028 81.1544 134.109 87.8749 132.843 79.3165 126.313 95.9198 148.161 93.7767 127.924 89.7438 0 0 0 0 0 0 0 0 0 0 0 0 0 0 0 0 0 0 0 0 0 35.1865 313.136 323.484 67.8245 253.697 99.6221 89.3164 136.259 317.132 287.997 179.507 24.6377 23.3422 24.3538 167.048 142.123 127.207 142.292 137.991 59.6415 56.1511 0 0 0 0 0 0 0 0 0 0 0
 37.4361 171.717 264.748 113.406 221.216 65.9132 65.2376 62.1527 211.144 218.667 140.901 101.211 104.159 146.455 142.216 209.485 246.928 249.627 248.708 199.561 233.426 208.299 23.9454 26.8667 18.6528 23.1622 20.3797 23.6274 22.2883 112.742 81.2134 143.451 72.5318 136.982 78.1098 141.292 68.1483 128.77 81.0705 153.904 86.7667 135.717 86.1245 0 0 0 0 0 0 0 0 0 0 0 0 0 0 0 0 0 0 0 0 0 33.003 305.717 308.703 67.2124 255.737 103.357 93.5692 139.754 309.676 281.463 186.132 23.9176 23.3371 24.0517 174.545 131.564 116.542 133.19 126.007 57.4971 53.9043 0 0 0 0 0 0 0 0 0 0 0
 36.0381 173.978 280.006 111.073 249.178 60.4058 66.1708 60.484 228.659 235.356 143.401 100.778 107.13 140.795 139.248 216.808 243.039 245.887 254.462 193.883 223.736 199.791 26.2067 28.3317 23.9773 22.7972 23.5034 22.694 26.626 114.492 93.1261 132.536 88.7099 130.711 94.2864 139.405 88.1416 126.103 100.5 143.885 99.7689 128.891 90.2633 0 0 0 0 0 0 0 0 0 0 0 0 0 0 0 0 0 0 0 0 0 36.5207 304.613 361.44 65.4513 281.001 101.038 91.0676 150.241 330.667 300.646 182.78 24.0592 24.6685 22.2204 167.836 141.398 143.634 146.691 146.178 56.9898 60.7214 0 0 0 0 0 0 0 0 0 0 0
 36.036 166.301 273.991 106.639 235.455 61.4846 64.3854 60.9984 215.961 219.584 136.288 93.9028 101.23 135.45 136.094 195.282 232.41 247.036 234.369 188.997 219.394 197.406 25.2614 26.1563 22.2707 23.0885 22.7486 23.5315 25.212 99.652 92.561 127.913 82.5765 133.201 89.9454 127.682 84.8741 123.191 90.1428 142.606 93.7538 127.655 91.7512 0 0 0 0 0 0 0 0 0 0 0 0 0 0 0 0 0 0 0 0 0 35.9293 303.045 347.935 62.4737 267.757 100.032 88.3824 144.306 318.306 281.428 172.43 22.2387 24.8615 22.2646 164.967 134.976 137.448 135.466 137.863 53.116 56.8638 0 0 0 0 0 0 0 0 0 0 0
 40.9015 169.873 286.658 109.362 244.472 60.0602 64.5145 62.823 226.738 228.731 139.014 95.6751 105.167 141.966 136.58 211.558 251.171 240.103 253.03 188.757 213.194 194.522 26.9708 26.9501 23.6109 22.1395 23.4855 22.4317 27.3593 111.825 98.8034 136.263 84.1476 128.489 94.9379 132.812 88.1057 124.802 106.204 135.274 105.335 123.855 97.248 0 0 0 0 0 0 0 0 0 0 0 0 0 0 0 0 0 0 0 0 0 39.8095 297.903 363.381 60.4963 276.523 98.1695 91.0096 143.729 329.503 288.146 175.417 21.6274 27.9712 21.0409 171.548 140.741 140.944 142.139 157.788 53.6943 65.9764 0 0 0 0 0 0 0 0 0 0 0
 37.6913 170.973 276.611 105.317 232.586 60.0727 63.7098 58.8917 221.616 226.373 137.044 92.5757 101.14 134.2 131.441 205.194 236.815 241.547 248.086 182.769 213.056 192.9 26.742 26.7341 23.3767 22.4052 25.0556 24.5614 27.3123 106.962 93.359 129.485 81.4957 131.724 90.109 136.336 86.3732 120.748 96.6042 139.194 101.313 127.468 100.562 0 0 0 0 0 0 0 0 0 0 0 0 0 0 0 0 0 0 0 0 0 37.3166 303.875 356.077 61.2083 258.946 98.0581 86.2832 139.225 317.341 285.625 171.335 23.4712 25.4514 24.7968 161.377 139.745 138.357 144.397 145.303 55.7889 59.3408 0 0 0 0 0 0 0 0 0 0 0
 36.583 167.84 269.38 106.384 226.691 59.7251 63.8496 57.8004 209.768 216.714 134.644 92.5199 102.134 138.323 137.094 199.208 233.001 239.268 244.851 188.575 215.949 193.572 25.5108 25.8128 21.2321 24.1053 21.5001 24.6456 25.555 105.935 92.4721 130 80.9119 133.168 85.9478 135.522 83.8096 122.499 89.7422 143.564 93.7917 124.931 91.2766 0 0 0 0 0 0 0 0 0 0 0 0 0 0 0 0 0 0 0 0 0 35.6342 301.438 340.227 63.6148 253.245 97.1173 87.4367 138.552 307.049 276.344 171.799 23.0109 24.7237 22.3893 175.073 133.336 134.553 135.042 143.175 52.4378 59.187 0 0 0 0 0 0 0 0 0 0 0
 33.7294 165.694 252.898 107.03 219.185 58.4184 62.2925 60.4174 212.136 215.237 136.9 98.0728 100.545 140.569 135.372 202.523 243.33 246.326 240.975 191.93 223.891 203.402 23.5498 25.9617 21.0307 23.5633 21.2702 24.2266 24.5169 105.814 80.9031 133.62 68.6461 136.121 85.5407 132.511 78.4897 122.324 85.7428 147.77 87.8488 132.448 89.9288 0 0 0 0 0 0 0 0 0 0 0 0 0 0 0 0 0 0 0 0 0 32.6632 299.334 309.455 63.4 252.175 97.7546 87.1866 137.038 303.115 276.475 175.081 23.2485 23.0591 24.3871 163.81 135.79 127.224 131.55 129.817 56.1459 57.2622 0 0 0 0 0 0 0 0 0 0 0
 36.1686 158.35 263.677 99.0575 236.881 54.7417 62.3874 60.1542 205.167 211.694 128.87 92.1818 99.1187 132.679 137.033 188.896 226.107 234.107 235.628 180.977 214.357 185.343 24.6883 22.2714 21.9706 20.5558 22.093 20.7877 25.8846 96.7452 90.3403 121.56 85.7011 123.912 82.4365 125.367 77.2988 115.568 99.2022 133.914 95.1809 118.505 87.9479 0 0 0 0 0 0 0 0 0 0 0 0 0 0 0 0 0 0 0 0 0 35.0238 281.862 335.095 58.6748 264.328 95.2675 87.4006 136.104 300.408 273.869 163.403 20.492 23.9597 20.6485 159.972 125.04 128.332 130.535 136.935 45.1794 58.5617 0 0 0 0 0 0 0 0 0 0 0
 40.888 174.647 284.612 106.285 249.483 58.4946 65.3204 64.0737 230.097 231.991 138.793 89.5987 102.528 132.052 136.744 204.014 238.844 248.307 242.659 181.609 222.27 192.982 27.5852 25.7962 23.5298 22.8265 23.7418 24.1571 27.2131 101.194 99.7127 125.982 85.3053 130.746 99.8416 125.905 89.7376 119.23 102.357 142.936 105.034 123.873 103.736 0 0 0 0 0 0 0 0 0 0 0 0 0 0 0 0 0 0 0 0 0 38.8744 302.21 376.213 61.8155 278.538 96.3309 84.8049 143.233 329.898 295.02 173.213 22.9328 26.9164 23.4922 166.517 144.063 142.788 146.239 150.25 49.2417 63.2922 0 0 0 0 0 0 0 0 0 0 0
 37.6641 174.924 271.605 102.038 234.042 59.3781 62.7871 60.9494 226.022 214.451 141.445 90.5649 99.5221 133.534 137.969 209.228 239.271 245.053 243.995 191.663 220.414 191.888 24.4131 23.4648 22.4972 18.2723 23.2762 22.5314 27.0311 107.97 91.7577 127.355 85.7488 131.91 94.0526 127.87 83.0188 123.182 94.2498 140.239 99.1993 122.592 92.6164 0 0 0 0 0 0 0 0 0 0 0 0 0 0 0 0 0 0 0 0 0 36.7603 298.796 342.798 60.9889 261.811 102.241 92.3526 142.634 326.255 277.87 179.696 22.1735 24.1001 21.3763 157.127 139.783 134.724 131.62 142.382 52.5873 57.2125 0 0 0 0 0 0 0 0 0 0 0
 37.0217 183.395 282.66 117.801 225.621 66.811 65.3537 63.9749 227.08 232.783 142.014 104.305 111.813 155.355 146.291 218.939 263.775 262.975 256.136 203.506 241.981 208.399 25.2993 28.4463 22.8414 25.6398 21.4096 26.1876 23.6473 117.213 90.955 149.672 79.1198 144.049 84.0536 143.065 83.232 132.011 94.2776 161.07 93.7459 133.185 86.1727 0 0 0 0 0 0 0 0 0 0 0 0 0 0 0 0 0 0 0 0 0 32.2978 320.605 341.375 66.6799 260.553 105.967 90.6469 146.389 324.478 300.028 186.011 24.8976 23.8517 24.6617 169.734 141.337 131.645 145.106 139.091 58.3 60.2907 0 0 0 0 0 0 0 0 0 0 0
 37.8575 167.391 269.881 103.408 240.751 59.0315 65.0352 59.6304 218.478 213.132 134.645 90.9744 102.28 132.254 128.554 186.457 227.079 233.519 232.271 173.256 215.442 191.748 25.2924 23.5422 22.3453 21.0866 22.7008 22.2859 26.6867 95.3691 84.1806 124.479 71.5804 123.116 93.1011 127.157 78.2074 112.719 91.2327 140.568 100.097 125.963 92.3937 0 0 0 0 0 0 0 0 0 0 0 0 0 0 0 0 0 0 0 0 0 33.3398 291.839 341.311 63.0661 271.163 97.2171 86.0714 134.703 311.369 273.183 172.689 20.992 25.3614 21.7289 158.307 139.607 130.242 135.87 141.633 54.183 60.9892 0 0 0 0 0 0 0 0 0 0 0
 31.8063 165.629 263.086 103.889 227.184 58.3735 63.5583 60.2632 207.397 213.977 138.52 98.1098 106.3 139.555 138.012 201.627 236.173 241.647 241.107 182.42 210.785 189.052 23.6447 24.9682 20.7102 20.7339 19.2583 24.4759 23.4223 106.258 79.8116 133.573 72.3972 130.075 81.772 132.527 74.8353 116.508 87.8878 135.496 87.5671 119.952 83.3164 0 0 0 0 0 0 0 0 0 0 0 0 0 0 0 0 0 0 0 0 0 30.364 293.78 328.402 61.4441 257.092 99.8283 88.9803 138.44 306.257 278.682 177.926 21.967 22.9132 21.2826 168.053 126.943 122.601 128.364 130.279 54.2096 52.9959 0 0 0 0 0 0 0 0 0 0 0
 34.3862 166.583 260.002 109.994 221.735 60.3446 62.5838 57.8538 215.893 218.416 141.43 96.4242 96.785 139.579 135.333 205.506 229.515 245.889 246.347 187.571 217.959 203.172 23.9748 26.5423 21.0542 23.3114 22.3539 23.2684 24.1692 110.143 84.9889 128.19 76.1248 132.091 83.7997 141.628 77.3252 122.23 87.0707 143.47 88.7575 131.963 89.7052 0 0 0 0 0 0 0 0 0 0 0 0 0 0 0 0 0 0 0 0 0 31.9582 299.098 320.318 65.4429 249.218 96.4107 88.1587 136.459 306.156 279.766 175.738 24.0406 23.6603 24.2651 162.529 136.179 127.087 138.415 128.546 59.4311 56.5613 0 0 0 0 0 0 0 0 0 0 0
 34.7863 182.398 273.278 117.659 224.561 67.411 66.5341 65.0254 225.846 224.841 148.268 103.901 109.77 153.314 149.06 224.117 251.988 257.852 274.329 205.54 246.507 221.498 22.4926 28.223 19.4139 25.1189 21.4054 27.4343 25.0554 122.515 85.6537 145.662 80.5525 142.451 78.084 157.961 72.2036 133.066 91.85 165.162 86.5275 143.227 78.46 0 0 0 0 0 0 0 0 0 0 0 0 0 0 0 0 0 0 0 0 0 35.4836 319.65 323.536 71.4459 256.771 107.804 99.1063 141.215 326.349 295.211 190.85 25.5835 22.3008 25.1082 172.845 138.08 118.684 133.29 132.1 63.7108 52.7605 0 0 0 0 0 0 0 0 0 0 0
 42.2329 187.535 291.306 113.826 254.488 66.7503 69.3561 64.0736 234.673 239.089 146.842 102.744 109.358 144.613 143.553 229.19 251.354 258.81 266.014 201.148 236.144 206.691 27.6358 27.4175 24.4494 23.4977 24.7247 24.9447 26.6181 119.79 92.1384 136.951 90.313 140.26 99.3445 145.299 88.251 131.916 103.59 154.408 106.989 134.179 98.4356 0 0 0 0 0 0 0 0 0 0 0 0 0 0 0 0 0 0 0 0 0 40.9777 327.923 371.104 68.7069 287.77 105.039 97.6314 148.323 340.976 304.817 187.726 24.2324 27.3823 25.4285 176.688 148.504 142.008 149.642 154.445 58.8708 65.4587 0 0 0 0 0 0 0 0 0 0 0
 41.461 180.125 290.411 114.284 264.322 60.8436 67.1766 64.8327 231.187 248.535 142.582 99.9347 112.142 144.118 144.555 211.493 258.134 249.857 252.57 196.26 227.293 200.03 28.7865 27.2998 25.7345 23.8957 24.9572 23.4372 29.0747 106.863 96.5481 138.361 89.2643 129.835 95.367 134.357 93.0125 126.911 100.639 143.961 102.665 127.993 104.088 0 0 0 0 0 0 0 0 0 0 0 0 0 0 0 0 0 0 0 0 0 39.6808 312.476 378.455 65.0553 297.001 104.583 97.6393 150.119 337.871 313.025 178.738 23.8708 26.8719 23.9579 173.448 144.229 149.347 154.793 158.871 53.115 65.1424 0 0 0 0 0 0 0 0 0 0 0
 35.7151 178.615 276.957 113.435 237.477 63.897 65.81 61.679 222.859 223.093 142.408 101.711 101.362 144.677 142.442 218.732 242.611 252.941 254.295 199.034 236.703 202.715 26.0062 28.8253 20.6421 25.2374 23.5957 27.293 25.95 119.633 89.3512 137.386 80.5035 141.368 86.0201 143.448 79.3637 130.884 89.2756 159.233 93.7744 131.664 90.6534 0 0 0 0 0 0 0 0 0 0 0 0 0 0 0 0 0 0 0 0 0 34.1658 317.06 352.916 65.8928 263.854 101.706 88.3485 137.509 318.954 287.127 177.799 27.0828 24.9735 26.0175 176.67 143.046 131.44 137.965 142.54 62.4118 60.6537 0 0 0 0 0 0 0 0 0 0 0
 33.732 176.434 271.627 110.99 224.343 63.05 63.8762 60.518 224.629 228.529 145.336 99.0238 107.056 141.545 144.969 215.169 248.232 250.943 253.577 198.588 224.022 204.218 23.6995 27.1173 21.309 21.4533 21.6141 23.9912 23.8175 113.19 83.9826 139.682 75.4566 135.279 90.814 139.682 80.9605 129.359 91.6271 146.085 97.8098 130.991 89.5104 0 0 0 0 0 0 0 0 0 0 0 0 0 0 0 0 0 0 0 0 0 32.7912 301.76 337.763 63.5612 253.213 99.988 92.2923 141.562 318.928 289.759 184.303 25.0878 24.9938 22.4931 173.173 139.026 130.533 138.967 130.427 56.384 56.3726 0 0 0 0 0 0 0 0 0 0 0
 34.4116 169.407 270.56 101.449 225.2 57.4784 62.7483 60.1181 214.662 215.845 132.246 94.8146 100.273 138.614 135.066 198.653 233.726 243.632 232.439 182.732 223.42 193.681 23.9123 24.445 22.9248 21.6248 21.7925 22.838 22.9645 104.558 88.2819 127.046 76.3335 130.917 86.8762 124.411 79.9213 117.807 92.0329 145.79 90.9631 125.275 94.0829 0 0 0 0 0 0 0 0 0 0 0 0 0 0 0 0 0 0 0 0 0 33.5947 295.365 334.717 61.0649 258.149 97.1989 83.2 134.393 313.178 279.351 165.728 22.2393 23.1826 22.0673 159.777 133.307 126.261 134.375 138.903 51.5672 53.7499 0 0 0 0 0 0 0 0 0 0 0
 187.06 227.687 316.982 110.495 322.744 62.5048 65.779 62.2676 254.135 228.509 149.794 95.9526 88.4539 115.931 119.866 242.21 247.442 272.958 250.348 215.431 220.709 209.483 21.8257 25.6558 22.7242 21.5643 23.4573 24.2725 146.028 66.8426 135.184 84.1946 133.975 78.6192 135.162 82.6378 128.54 80.2114 143.517 88.0814 130.567 84.8333 0 0 0 0 0 0 0 0 0 0 0 0 0 0 0 0 0 0 0 0 0 0 203.626 226.636 430.112 53.7474 350.784 98.0958 158.933 158.515 307.439 267.746 178.023 22.1769 25.807 23.7493 134.494 141.821 169.857 190.173 186.143 57.8329 58.6315 0 0 0 0 0 0 0 0 0 0 0
 191.835 228.698 312.648 111.222 325.629 59.2965 64.9777 62.0736 254.712 223.982 144.277 84.36 83.0734 113.185 113.229 240.278 246.854 261.776 251.35 209.076 210.679 196.562 24.4762 28.3718 23.7335 22.1465 23.1055 24.597 144.905 67.5617 140.268 86.8389 138.517 88.3902 122.015 92.801 131.397 85.3551 131.256 97.0598 125.464 85.1207 0 0 0 0 0 0 0 0 0 0 0 0 0 0 0 0 0 0 0 0 0 0 195.183 225.764 412.613 55.9757 353.434 93.3737 155.052 160.968 304.064 259.063 169.841 22.2601 26.013 23.1047 133.666 137.659 178.131 191.595 177.792 58.7272 58.0356 0 0 0 0 0 0 0 0 0 0 0
 203.723 231.077 340.744 116.952 333.276 62.0758 67.0837 64.1721 269.44 228.656 151.433 92.8302 89.6826 115.425 119.587 248.839 264.942 287.276 270.348 223.837 234.448 224.081 24.032 25.8862 23.8736 22.9515 24.4142 24.605 160.092 70.9548 142.869 80.6986 144.411 83.6963 137.512 85.4595 131.905 79.6784 147.654 95.4513 132.892 76.2225 0 0 0 0 0 0 0 0 0 0 0 0 0 0 0 0 0 0 0 0 0 0 208.466 232.456 454.327 60.0341 362.491 98.2601 166.492 168.368 326.862 269.238 180.774 22.5321 27.0067 24.3487 136.981 137.316 185.203 196.066 196.682 53.497 59.5485 0 0 0 0 0 0 0 0 0 0 0
 208.45 249.957 348.022 113.142 343.022 65.136 69.4506 65.0417 279.758 251.381 161.986 97.5973 99.3589 120.884 128.927 254.725 264.242 299.841 275.198 225.442 234.917 225.672 24.8124 27.2249 26.6601 22.5857 24.669 23.6976 158.806 71.1624 145.801 88.672 146.08 85.0687 141.948 87.0543 137.727 74.703 155.047 99.1315 140.706 86.0743 0 0 0 0 0 0 0 0 0 0 0 0 0 0 0 0 0 0 0 0 0 0 216.936 244.773 469.06 60.6265 373.37 102.992 172.174 168.974 333.866 285.934 191.547 22.7377 28.242 23.707 147.624 138.123 179.046 210.103 202.529 56.866 66.9131 0 0 0 0 0 0 0 0 0 0 0
 195.931 234.96 317.958 112.488 319.13 62.0188 67.6143 65.1313 261.308 226.599 149.884 99.1194 90.9758 114.939 120.017 241.037 242.541 276.625 250.76 217.165 217.161 204.269 22.4741 26.563 22.8661 22.3083 23.4804 23.8396 154.405 73.7451 133.191 86.4737 139.943 86.8122 133.64 87.8449 125.486 84.996 139.147 89.4465 135.592 75.3983 0 0 0 0 0 0 0 0 0 0 0 0 0 0 0 0 0 0 0 0 0 0 194.188 228.05 424.733 57.0004 351.091 97.9209 165.159 161.92 311.536 263.733 176.632 24.2884 25.1815 22.7554 135.033 137.426 166.98 203.056 182.509 54.9518 58.5429 0 0 0 0 0 0 0 0 0 0 0
 195.093 230.694 320.969 113.372 329.037 62.009 68.7328 65.3811 256.93 231.945 149.227 95.7535 92.467 115.575 123.939 245.299 262.915 277.726 257.925 213.668 221.212 212.293 23.6846 24.7476 23.5893 21.6241 24.4764 25.2372 149.105 71.4125 136.278 77.9264 136.583 83.1331 137.272 83.6138 130.547 78.9467 142.342 92.1205 126.608 83.8577 0 0 0 0 0 0 0 0 0 0 0 0 0 0 0 0 0 0 0 0 0 0 195.657 232.478 429.924 57.2452 363.763 100.934 164.747 166.289 317.639 273.56 182.322 24.5782 26.1192 23.6019 137.71 132.661 180.878 190.062 183.894 55.2782 56.8231 0 0 0 0 0 0 0 0 0 0 0
 180.14 231.09 318.99 111.826 335.978 63.7336 66.7258 62.6118 260.033 232.219 150.894 97.2889 96.3102 122.896 127.94 239.982 256.577 284.513 252.572 223.346 233.623 216.255 22.603 26.3419 23.4704 23.3899 22.0964 23.3044 148.953 73.1707 133.245 87.4125 138.007 81.8106 130.942 84.5082 132.817 78.9038 142.766 91.7842 128.513 80.6055 0 0 0 0 0 0 0 0 0 0 0 0 0 0 0 0 0 0 0 0 0 0 196.93 233.1 430.946 54.8413 361.971 101.925 167.095 163.502 319.401 274.838 186.342 22.7999 25.2995 22.2276 139.292 133.52 171.936 194.356 186.214 57.7696 59.8125 0 0 0 0 0 0 0 0 0 0 0
 191.737 227.826 307.254 110.688 304.891 63.002 65.0591 62.241 248.935 219.961 141.102 89.6936 85.597 109.713 118.045 237.431 244.298 283.707 249.607 213.85 213.25 195.675 20.9795 24.4502 19.6484 22.6425 21.3455 23.1378 153.341 61.2646 133.048 87.1509 134.662 85.109 128.694 86.1862 120.583 73.4715 130.415 93.4309 125.747 84.5749 0 0 0 0 0 0 0 0 0 0 0 0 0 0 0 0 0 0 0 0 0 0 195.724 220.315 398.35 54.7083 335.997 100.366 164.265 162.237 301.734 259.332 172.544 22.4418 23.7792 23.2525 131.448 130.575 167.627 192.031 171.434 52.9318 51.0805 0 0 0 0 0 0 0 0 0 0 0
 199.532 239.697 321.315 119.974 328.034 63.9451 67.9306 68.5615 260.701 231.945 141.473 90.436 86.7491 116.391 119.251 251.154 246.497 273.981 260.158 215.357 216.741 210.275 24.1094 29.846 22.8093 25.1326 24.0062 27.0266 150.732 73.2838 139.471 95.2507 137.142 94.172 131.457 96.3269 130.392 92.4282 140.255 104.802 131 93.252 0 0 0 0 0 0 0 0 0 0 0 0 0 0 0 0 0 0 0 0 0 0 197.725 234.346 425.547 59.6849 356.888 96.9389 170.108 169.067 313.678 267.67 168.165 25.4797 26.6412 25.9331 148.175 151.803 172.084 199.854 182.822 59.5003 58.3779 0 0 0 0 0 0 0 0 0 0 0
 196.373 224.431 327.653 106.81 341.141 60.8627 67.638 63.416 269.425 222.15 148.467 90.106 91.259 113.252 121.364 244.573 255.854 280.298 263.99 220.33 229.627 217.539 22.9982 25.4054 25.4821 21.886 23.6213 21.5357 161.605 69.0226 144.106 78.3315 140.636 80.2266 136.82 78.8641 136.804 72.9995 144.769 86.5572 137.028 73.6121 0 0 0 0 0 0 0 0 0 0 0 0 0 0 0 0 0 0 0 0 0 0 207.634 225.936 431.391 57.756 373.307 103.85 169.427 165.388 328.367 264.616 185.209 23.035 25.5155 22.0094 130.523 127.666 183.091 200.813 186.046 52.2665 56.0364 0 0 0 0 0 0 0 0 0 0 0
 185.131 219.386 300.874 108.135 305.715 62.3461 65.5193 62.4557 247.301 217.977 136.028 91.4192 90.6455 111.394 117.552 232.465 240.813 262.796 244.35 205.469 209.042 199.968 21.5428 24.9933 22.6412 21.5408 21.3038 23.1279 136.859 71.622 129.413 82.3847 129.315 87.1038 127.4 81.2187 121.534 76.5203 134.11 90.477 126.326 79.2967 0 0 0 0 0 0 0 0 0 0 0 0 0 0 0 0 0 0 0 0 0 0 188.489 219.774 389.961 53.6179 336.874 99.8506 156.809 153.797 302.307 256.752 175.405 23.4393 24.0802 22.1908 131.215 134.809 165.855 180.69 167.583 49.4056 54.8427 0 0 0 0 0 0 0 0 0 0 0
 200.726 238.693 323.891 110.321 332.123 64.8019 69.6652 65.0993 268.313 237.195 152.737 94.5528 96.4655 113.956 117.302 234.747 260.293 283.254 262.822 217.876 216.952 201.292 24.6247 25.9484 24.5801 22.653 23.5032 23.5267 153.809 71.4471 144.862 82.8332 141.709 82.4166 146.094 92.1719 131.58 80.8848 147.364 90.9158 141.812 80.5372 0 0 0 0 0 0 0 0 0 0 0 0 0 0 0 0 0 0 0 0 0 0 212.119 232.542 416.451 58.6934 363.116 99.7095 167.5 162.114 325.504 271.769 179.813 25.7829 27.317 22.8688 139.756 129.684 176.831 195.491 178.106 51.2597 62.0429 0 0 0 0 0 0 0 0 0 0 0
 204.786 229.394 334.763 111.182 344.277 61.4534 70.4254 63.6077 268.841 222.189 157.131 94.4081 92.1002 110.82 120.121 251.608 266.707 285.122 267.963 220.691 237.915 218.886 23.8633 23.6135 22.381 21.0432 23.5105 21.3587 161.457 62.6545 144.313 81.863 151.649 79.2138 144.552 83.0453 138.675 74.1734 145.592 91.3218 141.087 75.5327 0 0 0 0 0 0 0 0 0 0 0 0 0 0 0 0 0 0 0 0 0 0 202.516 225.899 441.869 58.4111 375.76 102.346 171.431 168.278 332.191 264.791 190.931 21.2556 26.2573 21.6629 128.275 123.8 178.315 203.052 189.845 48.6356 60.5072 0 0 0 0 0 0 0 0 0 0 0
 202.57 242.867 320.429 118.362 325.584 65.855 68.8948 67.0935 266.599 241.422 152.061 99.4335 92.7574 122.101 126.106 248.501 251.3 281.432 260.409 223.781 226.185 209.754 22.5551 27.4813 24.0718 24.0881 22.9557 25.7243 148.656 75.5128 145.345 93.7882 144.889 92.825 137.957 91.7418 126.687 85.2436 139.968 102.91 133.998 88.8127 0 0 0 0 0 0 0 0 0 0 0 0 0 0 0 0 0 0 0 0 0 0 202.134 241.303 421.18 60.1657 356.302 100.084 167.654 169.326 323.719 283.625 183.179 26.0773 25.001 25.3624 141.867 146.468 175.93 197.173 180.784 58.2813 57.3365 0 0 0 0 0 0 0 0 0 0 0
 192.197 229.455 319.785 116.014 327.755 62.5812 66.8631 67.9074 251.187 221.436 145.911 93.6964 88.9319 116.41 124.207 241.431 244.025 274.778 256.747 216.42 227.551 206.286 21.558 25.8071 22.1333 23.3979 20.362 25.262 145.111 72.3324 131.603 81.3767 134.35 85.8738 131.725 85.6904 130.633 80.6587 134.803 95.8517 129.373 84.6256 0 0 0 0 0 0 0 0 0 0 0 0 0 0 0 0 0 0 0 0 0 0 197.198 229.764 412.139 62.3414 360.487 101.804 168.67 167.178 309.439 262.724 179.17 23.8126 24.137 25.7877 138.328 141.508 167.994 193.241 176.859 55.0937 55.8661 0 0 0 0 0 0 0 0 0 0 0
 193.223 245.637 308.323 117.964 323.507 67.9229 66.8302 70.3701 248.67 238.943 144.525 94.0881 89.6169 119.072 123.395 249.383 247.048 268.255 245.427 213.841 213.852 206.695 22.4901 29.0937 23.0935 23.9189 23.0697 25.8811 144.21 80.1732 134.238 90.842 134.019 90.2771 134.36 100.205 127.247 91.3114 136.331 105.852 133.078 85.3219 0 0 0 0 0 0 0 0 0 0 0 0 0 0 0 0 0 0 0 0 0 0 194.097 240.215 405.435 58.4684 353.92 104.864 162.838 168.485 304.15 278.658 173.511 25.8629 23.522 25.6639 142.683 147.449 172.344 189.646 173.474 58.6119 56.1539 0 0 0 0 0 0 0 0 0 0 0
 193.822 234.954 319.184 112.304 312.963 67.0206 67.7305 68.616 251.8 231.676 148.067 90.7841 86.8127 116.262 121.604 236.125 237.626 266.219 252.278 201.026 208.712 211.145 21.7124 26.712 22.018 24.046 23.2109 25.2257 147.778 75.1254 136.522 87.1919 133.497 85.4924 135.207 94.356 122.696 85.5479 138.586 101.962 127.802 91.0902 0 0 0 0 0 0 0 0 0 0 0 0 0 0 0 0 0 0 0 0 0 0 198.111 234.098 424.763 57.8581 343.751 99.7816 163.14 161.138 307.236 268.848 174.907 26.1603 23.9615 24.6217 141.166 144.641 169.638 192.153 183.291 60.0446 57.5955 0 0 0 0 0 0 0 0 0 0 0
 197.291 227.975 317.392 113.401 320.052 63.226 65.7792 63.8654 248.68 223.811 140.638 88.1006 86.4825 113.724 117.344 246.248 255.391 271.643 246.342 212.305 209.635 202.957 23.6263 26.7063 22.609 23.3078 23.5147 23.9222 150.497 73.9441 137.379 90.4404 139.514 81.6721 124.573 90.3276 127.799 81.4213 139.727 89.9947 130.342 85.1831 0 0 0 0 0 0 0 0 0 0 0 0 0 0 0 0 0 0 0 0 0 0 200.411 228.788 421.705 58.6788 350.078 97.6639 162.29 163.146 300.479 259.02 165.588 24.2412 25.6851 24.3679 137.073 138.933 169.552 193.994 181.69 57.2601 57.1357 0 0 0 0 0 0 0 0 0 0 0
 186.789 221.941 323.272 108.384 321.636 58.8436 65.9166 61.422 261.415 218.821 148.784 93.0393 88.5038 115.415 114.861 232.343 248.628 277.728 260.648 210.404 210.608 209.69 23.5419 24.4401 22.9853 21.8563 23.7542 23.3919 152.689 64.3052 135.708 79.0787 143.201 81.01 134.659 81.6943 128.447 78.9047 137.743 87.5717 134.944 78.5019 0 0 0 0 0 0 0 0 0 0 0 0 0 0 0 0 0 0 0 0 0 0 198.807 226.99 431.817 54.0323 349.673 92.7314 164.601 157.725 316.605 261.106 180.98 22.6429 26.142 23.9216 129.788 124.29 172.31 193.739 186.356 53.607 61.8689 0 0 0 0 0 0 0 0 0 0 0
 171.405 221.309 295.076 111.57 295.45 62.1757 62.7729 65.5162 229.518 216.987 135.337 90.7323 88.5383 114.578 116.364 232.283 237.324 258.538 235.522 206.228 202.883 205.033 19.9423 26.9883 21.4467 22.3087 20.3912 25.1634 141.604 73.9776 125.782 84.0624 128.975 88.2055 115.257 87.7025 114.981 77.791 128.223 93.3448 119.539 78.9928 0 0 0 0 0 0 0 0 0 0 0 0 0 0 0 0 0 0 0 0 0 0 181.492 226.573 388.816 56.1335 325.201 101.817 155.927 162.986 286.151 262.304 167.176 22.9294 21.5348 23.702 128.481 134.745 154.646 180.693 166.784 54.0306 50.8521 0 0 0 0 0 0 0 0 0 0 0
 184.577 239.047 310.945 121.89 307.752 67.4314 69.5748 70.2355 244.028 237.259 142.326 91.1225 91.2427 122.645 125.856 237.268 238.95 271.08 246.475 211.541 211.877 211.972 21.2025 29.3758 22.8416 25.4147 21.5872 27.0026 146.371 73.0024 134.369 96.8145 138.267 94.0834 125.754 99.4129 120.807 90.597 134.149 102.762 126.053 92.9119 0 0 0 0 0 0 0 0 0 0 0 0 0 0 0 0 0 0 0 0 0 0 189.521 239.665 416.587 57.7855 340.676 105.558 165.984 167.205 297.567 277.769 173.485 25.7161 23.5181 25.8623 145.806 154.628 164.51 194.459 180.857 62.3847 52.1445 0 0 0 0 0 0 0 0 0 0 0
 187.165 235.239 308.549 111.754 314.66 65.6976 69.669 70.5952 243.707 233.361 145.115 93.2587 91.6801 117.428 120.568 239.318 240.355 270.519 250.371 216.483 220.886 207.723 20.8732 28.0976 21.1024 23.8079 22.2429 24.0281 143.278 68.4241 131.328 83.6696 129.873 85.9333 130.678 89.0228 124.146 80.2732 135.403 102.683 126.811 87.7195 0 0 0 0 0 0 0 0 0 0 0 0 0 0 0 0 0 0 0 0 0 0 187.513 236.827 409.6 57.6144 349.072 104.831 167.008 167.696 301.436 276.409 181.871 24.104 24.9422 25.0286 138.446 138.193 168.325 189.787 176.681 56.7321 55.418 0 0 0 0 0 0 0 0 0 0 0
 208.984 245.111 346.226 117.602 339.248 65.2324 73.4409 66.3372 275.754 241.124 162.987 102.789 97.2326 125.259 127.083 260.658 262.531 296.979 275.04 220.517 230.403 229.496 24.7528 28.1246 25.2013 23.0584 25.0871 25.1645 160.121 66.18 142.619 84.8057 150.753 81.1029 151.077 86.5177 133.334 76.9419 151.255 92.1173 141.818 82.0967 0 0 0 0 0 0 0 0 0 0 0 0 0 0 0 0 0 0 0 0 0 0 210.79 240.164 468.008 59.4299 373.186 103.005 178.161 170.234 335.236 285.972 195.923 23.2123 28.56 24.654 137.147 138.835 183.635 206.357 200.116 58.8948 63.0647 0 0 0 0 0 0 0 0 0 0 0
 194.542 230.947 311.398 111.946 297.736 65.1485 66.5923 65.4706 250.154 226.549 142.219 93.2631 88.8442 107.753 115.675 234.808 231.434 261.795 247.19 201.949 210.069 200.492 23.9562 26.0612 21.2536 22.1863 21.5669 23.7461 151.474 70.9603 132.399 90.4387 133.165 89.5633 125.413 94.2191 117.509 76.6266 133.893 96.7344 128.2 84.8573 0 0 0 0 0 0 0 0 0 0 0 0 0 0 0 0 0 0 0 0 0 0 197.475 226.782 414.956 56.3513 330.193 97.9807 160.106 159.984 302.071 264.142 168.596 24.3049 23.9655 24.6173 132.984 138.958 159.762 191.198 178.128 55.5686 56.4358 0 0 0 0 0 0 0 0 0 0 0
 191.185 220.894 308.021 110.332 323.127 61.0119 66.2083 65.1263 246.633 216.178 145.698 94.3201 86.8481 109.809 119.825 242.024 250.068 260.703 249.048 220.057 216.781 202.135 20.6872 25.3225 21.1278 21.0235 20.2749 23.7087 148.677 70.2304 135.388 81.4869 134.467 82.8866 126.187 85.0531 129.367 77.1161 133.33 84.5733 127.055 80.2188 0 0 0 0 0 0 0 0 0 0 0 0 0 0 0 0 0 0 0 0 0 0 188.732 219.902 401.091 55.9409 356.012 101.049 163.461 163.634 306.446 257.604 180.144 22.2452 22.869 20.9892 127.752 132.449 162.575 183.028 172.613 55.3519 54.9585 0 0 0 0 0 0 0 0 0 0 0
 196.669 230.109 329.553 107.64 321.437 60.0988 66.6613 66.0611 255.273 224.756 147.976 91.5712 90.0222 107.831 116.978 239.924 245.7 270.809 257.459 211.402 215.815 211.142 22.6842 26.2895 23.6735 21.7069 22.0958 23.0514 149.465 66.4909 137.675 82.3836 139.273 80.1323 132.198 85.5085 128.808 75.5982 144.095 89.2109 133.903 81.8499 0 0 0 0 0 0 0 0 0 0 0 0 0 0 0 0 0 0 0 0 0 0 201.887 226.714 434.306 56.321 355.121 96.8301 162.485 163.588 313.343 260.804 176.537 23.3664 26.5655 23.1905 133.894 130.032 169.96 191.847 187.957 54.1639 59.8819 0 0 0 0 0 0 0 0 0 0 0
 212.838 235.701 363.374 117.339 350.25 61.9184 71.8436 66.6694 286.087 236.269 164.251 98.6079 98.1569 120.749 129.004 257.511 271.584 304.522 291.252 236.132 248.427 233.827 23.5993 24.1047 25.184 21.6559 24.1706 23.7857 166.81 65.6455 156.164 79.7629 148.543 79.2983 148.974 84.1729 138.991 78.4733 158.541 86.695 141.669 78.4367 0 0 0 0 0 0 0 0 0 0 0 0 0 0 0 0 0 0 0 0 0 0 223.972 236.639 479.816 63.2566 383.204 104.845 176.377 177.899 350.332 280.657 199.743 24.2872 27.3975 22.4489 144.547 129.636 187.01 207.922 205.732 53.4603 62.884 0 0 0 0 0 0 0 0 0 0 0
 208.08 251.214 340.645 126.296 345.135 68.9927 75.0209 70.632 268.435 246.318 158.631 99.0769 95.6887 116.575 124.242 259.605 260.735 294.576 270.669 228.528 234.184 225.422 24.5226 29.2428 23.2318 24.2885 24.2629 28.1981 163.844 72.4389 151.254 99.4261 142.945 94.3402 147.994 94.6562 138.005 89.0149 156.424 104.507 137.376 90.692 0 0 0 0 0 0 0 0 0 0 0 0 0 0 0 0 0 0 0 0 0 0 217.105 249.291 451.96 60.8827 383.257 109.28 177.617 181.354 329.077 287.72 188.67 26.2983 27.4884 27.08 145.787 151.623 183.034 204.959 193.639 63.4314 62.6176 0 0 0 0 0 0 0 0 0 0 0
 203.247 244.339 318.637 121.566 335.524 70.8182 70.1733 73.4067 266.118 241.773 147.961 100.094 94.627 123.86 131.279 253.375 260.211 285.924 261.149 231.473 234.32 208.408 23.0858 28.762 26.1029 25.5708 22.5102 26.4711 153.424 76.3671 144.247 96.2546 142.451 98.9481 136.799 96.9605 132.967 89.7928 145.932 107.901 138.824 99.1393 0 0 0 0 0 0 0 0 0 0 0 0 0 0 0 0 0 0 0 0 0 0 205.235 246.963 416.107 61.5788 368.6 109.595 170.766 174.769 320.462 282.45 186.819 26.3133 26.01 25.8322 155.257 153.669 175.635 198.618 178.376 60.9306 61.2246 0 0 0 0 0 0 0 0 0 0 0
 215.732 238.675 333.574 115.112 334.52 59.534 70.6923 64.2479 264.848 235.286 154.866 94.7549 93.7308 120.824 125.828 250.666 264.807 290.804 264.904 223.77 228.788 218.354 25.5848 27.5064 24.7987 22.9169 26.4322 24.9501 156.573 74.7167 140.259 92.4729 140.174 87.6503 140.053 89.6055 133.836 81.0019 148.857 96.004 137.967 83.9227 0 0 0 0 0 0 0 0 0 0 0 0 0 0 0 0 0 0 0 0 0 0 210.999 234.445 444.858 59.188 364.572 99.6119 170.356 166.026 323.918 271.843 184.423 25.6565 28.8529 23.3449 144.096 144.913 184.749 206.595 191.246 58.5921 62.8257 0 0 0 0 0 0 0 0 0 0 0
 207.207 241.099 322.849 112.475 328.583 63.9268 68.818 64.4561 265.813 239.053 153.297 98.4274 91.5377 115.748 122.593 245.498 261.411 287.086 257.819 228.195 229.794 212.296 23.1845 24.9473 23.8882 21.9918 23.5591 23.2152 153.326 69.7595 135.468 81.5978 146.687 81.8425 141.385 83.7579 130.281 77.8029 145.492 94.9522 131.301 76.8443 0 0 0 0 0 0 0 0 0 0 0 0 0 0 0 0 0 0 0 0 0 0 198.22 236.79 434.953 55.1847 356.067 97.8954 165.949 166.16 324.893 279.922 183.207 21.8716 25.8367 22.7159 129.972 136.912 174.98 193.481 186.969 54.6565 60.8028 0 0 0 0 0 0 0 0 0 0 0
 178.051 224.501 313.508 110.59 316.855 63.9939 67.3863 65.0475 240.861 222.27 143.459 89.8702 89.0432 114.459 119.512 245.074 242.363 273.064 247.375 204.442 212.768 209.207 21.7906 25.583 21.6812 22.4041 22.8517 23.9997 143.21 67.1409 133.476 84.1571 136.408 83.5766 129.619 85.6529 125.367 82.1734 136.533 92.2709 124.657 82.174 0 0 0 0 0 0 0 0 0 0 0 0 0 0 0 0 0 0 0 0 0 0 188.173 229.069 413.376 54.6888 344.603 101.316 163.138 160.947 295.538 266.338 173.077 23.8151 23.9341 22.4851 132.147 135.219 161.803 189.705 177.565 54.5371 54.5481 0 0 0 0 0 0 0 0 0 0 0
